Camera Matrix:
[[1.36211720e+03 0.00000000e+00 7.45834826e+02]
 [0.00000000e+00 1.35683586e+03 2.43736808e+02]
 [0.00000000e+00 0.00000000e+00 1.00000000e+00]]

Distortion Coefficients:
[[-3.92408433e-01  4.65319512e+00 -7.72263689e-03  1.79067356e-02
  -2.68995581e+01]]

Rotation Vectors:
(array([[-0.43658772],
       [ 0.53680358],
       [-1.45896879]]), array([[-0.34218207],
       [ 0.44453287],
       [-1.49846691]]), array([[-0.4317087 ],
       [-0.61106359],
       [ 1.49510353]]), array([[-0.46214719],
       [-0.63857119],
       [ 1.49142783]]), array([[ 0.20871721],
       [ 0.02042548],
       [-1.53551117]]), array([[-0.12599982],
       [-0.26726282],
       [ 1.54889968]]), array([[-0.07299074],
       [-0.23551407],
       [ 1.53375554]]), array([[ 0.21866706],
       [ 0.00470554],
       [-1.52190815]]), array([[-0.4565691 ],
       [-0.63332723],
       [ 1.4885571 ]]), array([[-0.41051136],
       [-0.58894   ],
       [ 1.50360884]]), array([[-0.32943117],
       [ 0.43360923],
       [-1.49932664]]), array([[-0.4132316 ],
       [ 0.51412143],
       [-1.46945792]]), array([[-0.35110069],
       [ 0.45460863],
       [-1.49538677]]), array([[-0.45127183],
       [ 0.55087088],
       [-1.4507733 ]]), array([[-0.29636594],
       [-0.47255551],
       [ 1.544845  ]]), array([[-0.47250359],
       [-0.64843397],
       [ 1.49051584]]), array([[-0.4431745 ],
       [-0.62172142],
       [ 1.48888422]]), array([[-0.17705991],
       [-0.30177392],
       [ 1.57391017]]), array([[ 0.02617245],
       [-0.20258498],
       [ 1.57584867]]), array([[-0.40119726],
       [-0.59826442],
       [ 1.51502403]]), array([[-0.43160631],
       [-0.62618478],
       [ 1.48749177]]), array([[ 0.01649012],
       [-0.20167663],
       [ 1.55459952]]), array([[-0.22716251],
       [-0.34322807],
       [ 1.59892608]]), array([[-0.44665258],
       [-0.62608821],
       [ 1.48467095]]), array([[-0.48653372],
       [-0.66449259],
       [ 1.48552636]]), array([[-0.26657009],
       [-0.44183787],
       [ 1.55384168]]), array([[-0.45631835],
       [ 0.55659592],
       [-1.44634294]]), array([[-0.360523  ],
       [ 0.46382095],
       [-1.49096244]]), array([[ 0.05000821],
       [ 0.08683207],
       [-1.55516165]]), array([[-0.31406699],
       [ 0.4223818 ],
       [-1.49936608]]), array([[-0.44851025],
       [ 0.55291867],
       [-1.44192257]]), array([[-0.5245335 ],
       [-0.71138712],
       [ 1.47387792]]), array([[-0.38263192],
       [-0.5614999 ],
       [ 1.51193594]]), array([[-0.4865095 ],
       [-0.66215263],
       [ 1.47903586]]), array([[-0.37067861],
       [-0.56314085],
       [ 1.54817989]]), array([[ 0.23178378],
       [-0.01796191],
       [-1.50930092]]), array([[ 0.25115435],
       [-0.04668638],
       [-1.49693514]]), array([[-0.34024568],
       [-0.50964347],
       [ 1.57244769]]), array([[-0.48348024],
       [-0.65523812],
       [ 1.48058652]]), array([[-0.35329667],
       [-0.53166396],
       [ 1.52230132]]), array([[-0.52515036],
       [-0.71006204],
       [ 1.47424582]]), array([[-0.45033279],
       [ 0.55606502],
       [-1.43978716]]), array([[-0.29339419],
       [ 0.40273434],
       [-1.50116609]]), array([[ 0.08288409],
       [ 0.05930929],
       [-1.55640629]]), array([[-0.45469062],
       [ 0.55858494],
       [-1.44293413]]), array([[-0.23115497],
       [ 0.34044604],
       [-1.50979041]]), array([[-0.31954012],
       [-0.4945605 ],
       [ 1.53729736]]), array([[-0.50450415],
       [-0.68332454],
       [ 1.47869811]]), array([[ 0.28981051],
       [-0.11072489],
       [-1.48190197]]), array([[-0.27279868],
       [-0.39116155],
       [ 1.60329033]]), array([[-0.30735846],
       [-0.45495639],
       [ 1.59204441]]), array([[ 0.27147805],
       [-0.08262442],
       [-1.48671869]]), array([[-0.51916498],
       [-0.6999103 ],
       [ 1.47477895]]), array([[-0.33585935],
       [-0.51267511],
       [ 1.53049619]]), array([[-0.26548149],
       [ 0.37458806],
       [-1.50516443]]), array([[-0.45251654],
       [ 0.55897633],
       [-1.44015985]]), array([[-0.46177146],
       [ 0.56419266],
       [-1.44226346]]), array([[-0.4720404 ],
       [ 0.57476927],
       [-1.47414134]]), array([[-0.4487961 ],
       [ 0.54690674],
       [-1.46264779]]), array([[-0.42651828],
       [ 0.49920703],
       [-1.44678945]]), array([[-0.64876482],
       [ 0.71423489],
       [-1.39332225]]), array([[-0.44932849],
       [-0.65615424],
       [ 1.49556716]]), array([[-0.29000295],
       [-0.4687674 ],
       [ 1.53644416]]), array([[ 0.14198526],
       [ 0.02164348],
       [-1.54804708]]), array([[-0.17817772],
       [ 0.29508159],
       [-1.50895827]]), array([[-0.1571089 ],
       [ 0.25850932],
       [-1.518026  ]]), array([[-0.17820849],
       [ 0.28056312],
       [-1.51519068]]), array([[-0.18596817],
       [ 0.30056963],
       [-1.50614771]]), array([[-0.01540562],
       [-0.18815046],
       [ 1.58486274]]), array([[-0.27465547],
       [-0.44984311],
       [ 1.54885313]]), array([[-0.43036365],
       [-0.63121782],
       [ 1.49737663]]), array([[-0.63061205],
       [ 0.69032612],
       [-1.40166823]]), array([[-0.4616936 ],
       [ 0.53303107],
       [-1.44216692]]), array([[-0.45116761],
       [ 0.54990248],
       [-1.47074107]]), array([[-0.46888895],
       [ 0.5731854 ],
       [-1.47188725]]), array([[-0.45212587],
       [ 0.55403306],
       [-1.44080037]]), array([[-0.47226179],
       [ 0.57468654],
       [-1.47369488]]), array([[-0.4630591 ],
       [ 0.56736721],
       [-1.44795403]]), array([[-0.12820711],
       [ 0.31945789],
       [-1.5053425 ]]), array([[-0.65758056],
       [ 0.73340111],
       [-1.38786418]]), array([[-0.38638752],
       [ 0.4630806 ],
       [-1.45367777]]), array([[-0.30704935],
       [-0.48897248],
       [ 1.52652426]]), array([[-0.46413559],
       [-0.67312831],
       [ 1.49740383]]), array([[-0.13142083],
       [ 0.22894924],
       [-1.52034549]]), array([[-0.17060896],
       [ 0.29155076],
       [-1.5106209 ]]), array([[-0.17295809],
       [ 0.28422349],
       [-1.51056195]]), array([[-0.09815881],
       [ 0.19568225],
       [-1.52369603]]), array([[-0.47869523],
       [-0.68735765],
       [ 1.49985885]]), array([[-0.33211456],
       [-0.5184343 ],
       [ 1.51632791]]), array([[-0.34324077],
       [ 0.42267666],
       [-1.46157825]]), array([[-0.66000834],
       [ 0.73963193],
       [-1.38621929]]), array([[-0.15667297],
       [ 0.32224903],
       [-1.51376041]]), array([[-0.46179861],
       [ 0.56745914],
       [-1.45579181]]), array([[-0.4695377 ],
       [ 0.56977036],
       [-1.47261427]]), array([[-0.44805575],
       [ 0.55013991],
       [-1.45899498]]), array([[-0.43588567],
       [ 0.53540987],
       [-1.44282671]]), array([[-0.60180881],
       [ 0.70590687],
       [-1.41266215]]), array([[-0.49210146],
       [ 0.56618231],
       [-1.43890631]]), array([[-0.25283784],
       [-0.4243215 ],
       [ 1.56370902]]), array([[-0.52082356],
       [-0.72126483],
       [ 1.49938794]]), array([[ 0.09372388],
       [ 0.05766982],
       [-1.54643215]]), array([[-0.19001569],
       [ 0.30715741],
       [-1.50542161]]), array([[-0.19934994],
       [ 0.31755229],
       [-1.5030677 ]]), array([[ 0.03852117],
       [ 0.09331366],
       [-1.54189437]]), array([[-0.52066005],
       [-0.72280969],
       [ 1.50232107]]), array([[-0.21916651],
       [-0.38864811],
       [ 1.57900737]]), array([[-0.51707597],
       [ 0.59565838],
       [-1.43703026]]), array([[-0.62295094],
       [ 0.72852606],
       [-1.40127887]]), array([[-0.42569642],
       [ 0.52094029],
       [-1.4480978 ]]), array([[-0.45201826],
       [ 0.55431032],
       [-1.46359058]]), array([[-0.3625431 ],
       [ 0.45652931],
       [-1.45628364]]), array([[-0.43848441],
       [ 0.53747868],
       [-1.45615085]]), array([[-0.4613483 ],
       [ 0.56163397],
       [-1.47143059]]), array([[-0.55724553],
       [ 0.64286789],
       [-1.43350398]]), array([[-0.65801822],
       [ 0.7421606 ],
       [-1.38578027]]), array([[-0.31884597],
       [-0.49792202],
       [ 1.53585157]]), array([[-0.49444278],
       [-0.70219255],
       [ 1.50246961]]), array([[-0.16928998],
       [-0.34000873],
       [ 1.60921842]]), array([[-0.23815199],
       [ 0.33331119],
       [-1.48867501]]), array([[-0.0594228 ],
       [ 0.16180147],
       [-1.52926112]]), array([[-0.01543721],
       [ 0.12941814],
       [-1.53548071]]), array([[-0.21827613],
       [ 0.32506422],
       [-1.49680903]]), array([[-0.18999751],
       [-0.36020536],
       [ 1.59261859]]), array([[-0.51068948],
       [-0.71523451],
       [ 1.50379461]]), array([[-0.29098216],
       [-0.47211427],
       [ 1.5451913 ]]), array([[-0.64549933],
       [ 0.74080975],
       [-1.39000519]]), array([[-0.53800918],
       [ 0.62126187],
       [-1.43506137]]), array([[-0.4558113 ],
       [ 0.55614327],
       [-1.46846584]]), array([[-0.42775168],
       [ 0.52529118],
       [-1.45122605]]), array([[-0.38473239],
       [ 0.47219575],
       [-1.45681883]]), array([[-0.34972944],
       [ 0.45733705],
       [-1.48072504]]), array([[-0.41320946],
       [ 0.4974757 ],
       [-1.45867805]]), array([[-0.44685736],
       [ 0.54753204],
       [-1.45333219]]), array([[-0.34205846],
       [ 0.44297894],
       [-1.53167322]]), array([[-0.26558539],
       [ 0.37888445],
       [-1.52799696]]), array([[-0.26350622],
       [-0.44603575],
       [ 1.55365379]]), array([[-0.39694566],
       [-0.58208134],
       [ 1.49800615]]), array([[-0.51245681],
       [-0.70980631],
       [ 1.49632515]]), array([[-0.49696009],
       [-0.68869939],
       [ 1.49520235]]), array([[-0.38408793],
       [-0.56308501],
       [ 1.50652139]]), array([[-0.23790599],
       [-0.41847727],
       [ 1.562457  ]]), array([[-0.25260146],
       [ 0.34219297],
       [-1.53444438]]), array([[-0.3965137 ],
       [ 0.48709986],
       [-1.51118373]]), array([[-0.44713803],
       [ 0.54987276],
       [-1.44700778]]), array([[-0.44127274],
       [ 0.52602752],
       [-1.46128166]]), array([[-0.35172923],
       [ 0.46335373],
       [-1.46937258]]), array([[-0.47526283],
       [ 0.56219001],
       [-1.46858201]]), array([[-0.3532146 ],
       [ 0.45306397],
       [-1.4585318 ]]), array([[-0.57079138],
       [ 0.66332559],
       [-1.43155774]]), array([[-0.09570284],
       [ 0.28361759],
       [-1.50200909]]), array([[-0.50769164],
       [ 0.57811352],
       [-1.46089028]]), array([[-0.3417337 ],
       [-0.52082764],
       [ 1.52555191]]), array([[-0.18447701],
       [-0.36428631],
       [ 1.5739903 ]]), array([[-0.26455472],
       [ 0.35054646],
       [-1.47958132]]), array([[-0.29900418],
       [ 0.38210421],
       [-1.47031883]]), array([[-0.21161542],
       [-0.38953199],
       [ 1.57081465]]), array([[-0.36344658],
       [-0.54208077],
       [ 1.51665451]]), array([[-0.45127038],
       [ 0.53171167],
       [-1.48732036]]), array([[-0.09677543],
       [ 0.26741777],
       [-1.5021019 ]]), array([[-0.58255515],
       [ 0.68432484],
       [-1.42481808]]), array([[-0.3538887 ],
       [ 0.45738104],
       [-1.46286928]]), array([[-0.46246953],
       [ 0.54878217],
       [-1.46395325]]), array([[-0.45462158],
       [ 0.55414456],
       [-1.48149779]]), array([[-0.32392391],
       [ 0.42890039],
       [-1.50359946]]), array([[-0.0823027 ],
       [ 0.32010401],
       [-1.50131675]]), array([[-0.25250226],
       [ 0.3644837 ],
       [-1.54451439]]), array([[-0.55900793],
       [ 0.62131781],
       [-1.43529698]]), array([[-0.43833266],
       [-0.62656693],
       [ 1.4895359 ]]), array([[-0.08693661],
       [-0.27215155],
       [ 1.57823814]]), array([[-0.17670872],
       [ 0.27886276],
       [-1.51067158]]), array([[-0.17317193],
       [ 0.27116882],
       [-1.5124763 ]]), array([[-0.05046473],
       [-0.231429  ],
       [ 1.58139592]]), array([[-0.41470932],
       [-0.60335484],
       [ 1.49171254]]), array([[-0.60038942],
       [ 0.65783467],
       [-1.41532074]]), array([[-0.29118513],
       [ 0.40114117],
       [-1.54406509]]), array([[-0.10049927],
       [ 0.31771235],
       [-1.50310047]]), array([[-0.34409595],
       [ 0.44501702],
       [-1.49128069]]), array([[-0.44835174],
       [ 0.5507312 ],
       [-1.47784775]]), array([[-0.46698863],
       [ 0.57227383],
       [-1.46776693]]), array([[-0.30141028],
       [ 0.41617005],
       [-1.51205463]]), array([[-0.46600825],
       [ 0.55937184],
       [-1.4804003 ]]), array([[-0.21719457],
       [ 0.33920391],
       [-1.53609586]]), array([[-0.08119838],
       [ 0.31321797],
       [-1.50203155]]), array([[-0.40117316],
       [-0.59463159],
       [ 1.50216537]]), array([[-0.12397071],
       [-0.30850104],
       [ 1.57578064]]), array([[-0.46122811],
       [-0.64968624],
       [ 1.48998207]]), array([[-0.47944344],
       [-0.66965465],
       [ 1.49241903]]), array([[-0.15603902],
       [-0.33803752],
       [ 1.57524163]]), array([[-0.36592879],
       [-0.5558003 ],
       [ 1.5076514 ]]), array([[-0.08949488],
       [ 0.30084412],
       [-1.50250484]]), array([[-0.18702757],
       [ 0.32442504],
       [-1.52493582]]), array([[-0.4749275 ],
       [ 0.56418694],
       [-1.47516031]]), array([[-0.27728731],
       [ 0.39425189],
       [-1.52211644]]), array([[-0.46376861],
       [ 0.56991267],
       [-1.46293582]]), array([[ 0.0150158 ],
       [ 0.11497901],
       [-1.55312791]]), array([[-0.06052931],
       [-0.23597688],
       [ 1.5781732 ]]), array([[-0.51641825],
       [-0.70643923],
       [ 1.47240343]]), array([[-0.47483027],
       [-0.65557906],
       [ 1.47756383]]), array([[-0.48734527],
       [-0.66552332],
       [ 1.47752525]]), array([[-0.4911264 ],
       [-0.6684663 ],
       [ 1.47739257]]), array([[-0.47032501],
       [-0.64960357],
       [ 1.48022996]]), array([[-0.50871549],
       [-0.69930379],
       [ 1.47089003]]), array([[-0.02690631],
       [-0.19436912],
       [ 1.57991739]]), array([[-0.01963976],
       [ 0.14629864],
       [-1.54961508]]), array([[ 0.1203955 ],
       [ 0.03395615],
       [-1.55630998]]), array([[-0.08090564],
       [ 0.2013653 ],
       [-1.53724228]]), array([[-0.1982636 ],
       [ 0.30595785],
       [-1.51337375]]), array([[-0.50762142],
       [-0.68553646],
       [ 1.4707367 ]]), array([[-0.47591125],
       [-0.65198953],
       [ 1.48062778]]), array([[ 0.30758235],
       [-0.13465837],
       [-1.48291182]]), array([[ 0.32065321],
       [-0.15305721],
       [-1.48870021]]), array([[-0.4709613 ],
       [-0.64934143],
       [ 1.47999707]]), array([[-0.49879855],
       [-0.67682005],
       [ 1.47545139]]), array([[-0.16723095],
       [ 0.28090026],
       [-1.51540897]]), array([[-0.05265564],
       [ 0.17566703],
       [-1.54459089]]), array([[ 0.00539312],
       [-0.1554543 ],
       [ 1.58052199]]), array([[-0.37320262],
       [ 0.47388753],
       [-1.48629588]]), array([[-0.13915389],
       [-0.31863704],
       [ 1.57457107]]), array([[-0.12902455],
       [ 0.24452008],
       [-1.51991346]]), array([[-0.00394431],
       [-0.20471   ],
       [ 1.5404881 ]]), array([[-0.50684376],
       [-0.69380629],
       [ 1.46872883]]), array([[-0.47883962],
       [-0.66491363],
       [ 1.46869103]]), array([[-0.47916551],
       [-0.66260276],
       [ 1.473517  ]]), array([[-0.50582021],
       [-0.69509612],
       [ 1.46959123]]), array([[-0.03557933],
       [-0.21768989],
       [ 1.53356614]]), array([[-0.14510757],
       [ 0.25791393],
       [-1.51736514]]), array([[-0.09830168],
       [-0.27676012],
       [ 1.57724343]]), array([[-0.39082397],
       [ 0.49077685],
       [-1.47937777]]), array([[-0.11669257],
       [ 0.23430553],
       [-1.52355674]]), array([[-0.18326836],
       [-0.36033991],
       [ 1.57007254]]), array([[-0.45225218],
       [-0.63065298],
       [ 1.48477514]]), array([[-0.46727583],
       [-0.65828836],
       [ 1.46863962]]), array([[-0.50822408],
       [-0.69254239],
       [ 1.46677042]]), array([[-0.50924621],
       [-0.69039616],
       [ 1.46718926]]), array([[-0.4495919 ],
       [-0.64467821],
       [ 1.47464188]]), array([[-0.44790131],
       [-0.62836945],
       [ 1.48343709]]), array([[-0.22602584],
       [-0.40304093],
       [ 1.56281331]]), array([[-0.1031586 ],
       [ 0.22241157],
       [-1.5293807 ]]))

Translation Vectors:
(array([[-3.17954444],
       [ 7.39470274],
       [33.23920705]]), array([[-3.08710779],
       [ 7.57998632],
       [32.83017495]]), array([[ 1.77233802],
       [ 0.82765572],
       [34.15345223]]), array([[ 1.7446461 ],
       [ 0.8976296 ],
       [34.63684655]]), array([[-1.53853222],
       [ 6.31679106],
       [33.27419938]]), array([[ 4.3198307 ],
       [-0.07809169],
       [32.5501494 ]]), array([[ 4.28019985],
       [-0.22758465],
       [32.48230721]]), array([[-2.08756353],
       [ 6.2864891 ],
       [33.25491898]]), array([[ 1.75796399],
       [ 0.85216945],
       [34.53659777]]), array([[ 1.74315604],
       [ 0.83021108],
       [34.00110197]]), array([[-3.15400295],
       [ 7.54908512],
       [32.79766353]]), array([[-3.13386765],
       [ 7.44296622],
       [33.12978847]]), array([[-3.03966019],
       [ 7.60694429],
       [32.85280357]]), array([[-3.24120069],
       [ 7.35775822],
       [33.34516608]]), array([[ 1.61897579],
       [ 0.52444149],
       [33.32008494]]), array([[ 1.67266293],
       [ 0.90702806],
       [34.74045149]]), array([[ 1.78512807],
       [ 0.80767663],
       [34.25871592]]), array([[ 4.29711812],
       [ 0.18334587],
       [32.70595595]]), array([[ 3.9764487 ],
       [-0.51362436],
       [32.76241472]]), array([[ 2.3261915 ],
       [ 1.03928957],
       [33.64522447]]), array([[ 1.91149806],
       [ 1.19389963],
       [33.95701738]]), array([[ 4.1004908 ],
       [-0.54436616],
       [32.66568695]]), array([[ 4.36468539],
       [ 0.38708228],
       [32.82809938]]), array([[ 1.77294425],
       [ 0.77744186],
       [34.29689467]]), array([[ 1.57367083],
       [ 0.92925562],
       [34.84993734]]), array([[ 1.62284888],
       [ 0.52097635],
       [33.18827406]]), array([[-3.31413976],
       [ 7.33082815],
       [33.40798891]]), array([[-3.02333916],
       [ 7.60140616],
       [32.88297388]]), array([[-3.30635209],
       [ 7.64383085],
       [32.43290745]]), array([[-3.23686762],
       [ 7.51889797],
       [32.76474714]]), array([[-3.30916183],
       [ 7.4582922 ],
       [33.49451091]]), array([[ 1.37590055],
       [ 1.34361922],
       [35.26959889]]), array([[ 1.68223311],
       [ 0.77989093],
       [33.81379809]]), array([[ 1.24943389],
       [ 1.6223914 ],
       [35.18241693]]), array([[ 2.81905449],
       [ 0.84182019],
       [33.37391674]]), array([[-2.59203422],
       [ 6.33813064],
       [33.16820222]]), array([[-3.01317849],
       [ 6.38243771],
       [33.02602213]]), array([[ 3.10809983],
       [ 0.651554  ],
       [33.20438696]]), array([[ 1.27201496],
       [ 1.51214752],
       [35.16627965]]), array([[ 1.65263243],
       [ 0.75656558],
       [33.66342646]]), array([[ 1.39942931],
       [ 1.22400749],
       [35.18999734]]), array([[-3.35081303],
       [ 7.42066858],
       [33.49624081]]), array([[-3.34002742],
       [ 7.48135122],
       [32.74519684]]), array([[-3.27573309],
       [ 7.62868661],
       [32.38189539]]), array([[-3.36436487],
       [ 7.34671082],
       [33.45738311]]), array([[-3.56803433],
       [ 7.39301078],
       [32.65859114]]), array([[ 1.62818039],
       [ 0.57212684],
       [33.44200519]]), array([[ 1.47589877],
       [ 0.97702531],
       [34.97002213]]), array([[-3.69002423],
       [ 6.38064419],
       [32.65380995]]), array([[ 3.95764116],
       [ 0.45279562],
       [33.03123017]]), array([[ 3.53758618],
       [ 0.50175805],
       [33.04019197]]), array([[-3.40529582],
       [ 6.38717177],
       [32.83949321]]), array([[ 1.41174777],
       [ 1.07709548],
       [35.09827321]]), array([[ 1.63849479],
       [ 0.6596974 ],
       [33.52402547]]), array([[-3.45552906],
       [ 7.41492526],
       [32.7110313 ]]), array([[-3.37025871],
       [ 7.37746247],
       [33.47514683]]), array([[-3.89220436],
       [ 7.27478903],
       [33.33181487]]), array([[-2.76280667],
       [ 7.71543429],
       [33.3097693 ]]), array([[-4.49036816],
       [ 7.571126  ],
       [33.11419274]]), array([[-4.14314286],
       [ 7.06009715],
       [33.81379523]]), array([[-1.36705433],
       [ 7.9614993 ],
       [33.69613595]]), array([[ 1.04963485],
       [-0.35889779],
       [34.54303423]]), array([[ 1.53892234],
       [-0.53295259],
       [33.45998753]]), array([[-3.62169227],
       [ 6.97247357],
       [33.32994938]]), array([[-4.02400446],
       [ 7.17102116],
       [34.05647673]]), array([[-3.86422461],
       [ 7.05789348],
       [33.93030261]]), array([[-3.86570113],
       [ 7.11823279],
       [34.00246234]]), array([[-4.09784621],
       [ 7.15005514],
       [34.04961023]]), array([[ 1.54427881],
       [ 0.04468443],
       [33.14555593]]), array([[ 1.50597781],
       [-0.60678554],
       [33.34444021]]), array([[ 1.21206131],
       [-0.35537622],
       [34.43365861]]), array([[-1.21243846],
       [ 8.02991726],
       [33.49052901]]), array([[-3.89943809],
       [ 7.12367948],
       [33.88097495]]), array([[-4.43770781],
       [ 7.61664455],
       [33.06231065]]), array([[-2.8699589 ],
       [ 7.66129616],
       [33.30902516]]), array([[-4.08926406],
       [ 7.21563133],
       [33.28486727]]), array([[-2.69378544],
       [ 7.73788467],
       [33.3161491 ]]), array([[-3.68213258],
       [ 7.33035526],
       [33.32992026]]), array([[-1.30169913],
       [ 7.43302929],
       [31.48104718]]), array([[-1.50806128],
       [ 7.78483152],
       [33.83204801]]), array([[-4.34243836],
       [ 7.01873256],
       [33.75140977]]), array([[ 1.53600435],
       [-0.45455837],
       [33.62535973]]), array([[ 0.89038329],
       [-0.35379615],
       [34.6345006 ]]), array([[-3.83767159],
       [ 6.99454183],
       [33.8589305 ]]), array([[-3.95535376],
       [ 7.19243613],
       [34.03834287]]), array([[-3.88468712],
       [ 7.17955566],
       [34.08050571]]), array([[-3.81269891],
       [ 6.98759266],
       [33.80897795]]), array([[ 0.72969326],
       [-0.35925301],
       [34.70292406]]), array([[ 1.48415523],
       [-0.39546595],
       [33.81938641]]), array([[-4.4519397 ],
       [ 7.01610815],
       [33.71319825]]), array([[-1.60220841],
       [ 7.64571967],
       [34.03661802]]), array([[-1.14835124],
       [ 7.55794165],
       [31.81707525]]), array([[-3.4651552 ],
       [ 7.40622008],
       [33.32287619]]), array([[-2.68160133],
       [ 7.73612203],
       [33.31654531]]), array([[-3.06858817],
       [ 7.60833123],
       [33.4205126 ]]), array([[-4.2424904 ],
       [ 7.23287266],
       [33.23878169]]), array([[-2.12357776],
       [ 7.34451931],
       [34.29826534]]), array([[-3.63969667],
       [ 7.20614983],
       [33.94721723]]), array([[ 1.45032996],
       [-0.65443437],
       [33.20626952]]), array([[ 0.39890303],
       [-0.44818879],
       [34.87506262]]), array([[-3.67651175],
       [ 7.00354417],
       [33.40049707]]), array([[-4.21666238],
       [ 7.13924762],
       [33.96879893]]), array([[-4.36317589],
       [ 7.14735688],
       [33.84691718]]), array([[-3.72508456],
       [ 7.02880968],
       [33.52146583]]), array([[ 0.46250026],
       [-0.42975883],
       [34.89607088]]), array([[ 1.34767181],
       [-0.6868986 ],
       [33.06926406]]), array([[-3.3712286 ],
       [ 7.30516968],
       [34.0360643 ]]), array([[-1.97647383],
       [ 7.32874655],
       [34.25357432]]), array([[-4.35791544],
       [ 7.3052381 ],
       [33.2070744 ]]), array([[-2.95070134],
       [ 7.66835458],
       [33.3824587 ]]), array([[-4.77837261],
       [ 7.64775166],
       [33.37990586]]), array([[-4.48928061],
       [ 7.48667935],
       [33.12625691]]), array([[-2.73762001],
       [ 7.72084364],
       [33.3348078 ]]), array([[-2.80832824],
       [ 7.39096889],
       [34.22554139]]), array([[-1.66522808],
       [ 7.5366238 ],
       [34.16260838]]), array([[ 1.16132546],
       [-0.10419669],
       [34.1802441 ]]), array([[ 0.61417367],
       [-0.3722055 ],
       [34.78696896]]), array([[ 1.25964592],
       [-0.47343497],
       [33.0344106 ]]), array([[-4.51898271],
       [ 7.12725106],
       [33.77786268]]), array([[-3.79231745],
       [ 7.0030556 ],
       [33.73339003]]), array([[-3.76300215],
       [ 7.0211132 ],
       [33.63260306]]), array([[-4.4564187 ],
       [ 7.14820409],
       [33.8330224 ]]), array([[ 1.23205712],
       [-0.63979677],
       [32.99470575]]), array([[ 0.53446439],
       [-0.39680638],
       [34.86112592]]), array([[ 1.21512458],
       [-0.08600613],
       [34.07799848]]), array([[-1.78768227],
       [ 7.40282924],
       [34.235868  ]]), array([[-3.08789415],
       [ 7.37149248],
       [34.1230413 ]]), array([[-2.83606119],
       [ 7.70361733],
       [33.3500524 ]]), array([[-4.43368566],
       [ 7.3978166 ],
       [33.15780897]]), array([[-4.66706873],
       [ 7.56881547],
       [33.30687342]]), array([[-4.85432018],
       [ 7.93859684],
       [33.82679815]]), array([[-4.54278024],
       [ 7.47404999],
       [33.24391641]]), array([[-3.1670637 ],
       [ 7.54625555],
       [33.45754035]]), array([[-0.7875219 ],
       [ 7.80729107],
       [32.35202722]]), array([[-4.28995649],
       [ 8.55953118],
       [33.6769355 ]]), array([[ 1.24791433],
       [-0.04454665],
       [33.97033673]]), array([[ 0.77207135],
       [-0.22201873],
       [34.4024712 ]]), array([[ 0.36403187],
       [-0.4696243 ],
       [34.81241497]]), array([[ 0.38483664],
       [-0.47630649],
       [34.77884748]]), array([[ 0.89383897],
       [-0.15904746],
       [34.41652794]]), array([[1.31097443e+00],
       [3.13951919e-03],
       [3.39197218e+01]]), array([[-4.30956805],
       [ 8.65544578],
       [33.25625159]]), array([[-0.75717006],
       [ 7.88635647],
       [32.48426818]]), array([[-3.24850645],
       [ 7.49539654],
       [33.48138688]]), array([[-4.42546067],
       [ 7.43227554],
       [33.17741818]]), array([[-4.88894051],
       [ 7.8640926 ],
       [33.70288785]]), array([[-4.23449966],
       [ 7.50145553],
       [33.10091559]]), array([[-4.85145828],
       [ 7.73736097],
       [33.48852674]]), array([[-2.57545486],
       [ 7.38431467],
       [34.26994379]]), array([[-1.84604794],
       [ 6.85810022],
       [27.39577661]]), array([[-0.85656474],
       [ 7.98990011],
       [32.85070347]]), array([[ 1.08358539],
       [-0.10752714],
       [34.27455831]]), array([[1.43156730e+00],
       [2.80970574e-02],
       [3.37790882e+01]]), array([[-4.53942162],
       [ 7.09927911],
       [33.74881491]]), array([[-4.51639514],
       [ 7.04467107],
       [33.70784762]]), array([[ 1.39368602],
       [ 0.03777214],
       [33.86836933]]), array([[ 1.00832251],
       [-0.11269406],
       [34.36089805]]), array([[-0.79230819],
       [ 7.95765965],
       [32.65623446]]), array([[-1.75421761],
       [ 6.9981525 ],
       [26.034592  ]]), array([[-2.3521334 ],
       [ 7.37356331],
       [34.28703827]]), array([[-4.88137724],
       [ 7.81306799],
       [33.62111091]]), array([[-4.31626684],
       [ 7.45269021],
       [33.13202996]]), array([[-4.28239367],
       [ 7.55766021],
       [33.01122549]]), array([[-4.51279667],
       [ 8.20553195],
       [33.95291895]]), array([[-1.64326448],
       [ 6.92510629],
       [30.23342808]]), array([[-0.86658769],
       [ 7.70661298],
       [32.20402469]]), array([[-0.93846045],
       [ 8.02184137],
       [33.06229388]]), array([[ 0.55396369],
       [-0.41314614],
       [34.54472231]]), array([[1.51227590e+00],
       [2.79128206e-02],
       [3.33991895e+01]]), array([[-3.84670866],
       [ 7.16493683],
       [34.1202211 ]]), array([[-3.86381399],
       [ 7.17622087],
       [34.08483885]]), array([[1.53915588e+00],
       [2.93660353e-02],
       [3.32637550e+01]]), array([[ 0.65551972],
       [-0.32508791],
       [34.43065329]]), array([[-1.04725635],
       [ 8.06645258],
       [33.30154842]]), array([[-0.84173382],
       [ 7.73353253],
       [32.24122997]]), array([[-1.48666535],
       [ 7.15219137],
       [30.96426734]]), array([[-4.67564705],
       [ 8.05883957],
       [33.93592178]]), array([[-4.36402843],
       [ 7.596884  ],
       [33.02429969]]), array([[-3.02704836],
       [ 7.57497096],
       [33.30690033]]), array([[-4.38693552],
       [ 8.3944833 ],
       [33.90039321]]), array([[-4.23205846],
       [ 7.54136401],
       [33.04501358]]), array([[-0.90571718],
       [ 7.69145998],
       [32.14426355]]), array([[-1.78104615],
       [ 6.78043024],
       [29.44782429]]), array([[ 1.34237159],
       [-0.33768312],
       [34.28687922]]), array([[ 1.47483488],
       [ 0.03440261],
       [33.52730002]]), array([[ 0.4849544 ],
       [-0.45804896],
       [34.63012581]]), array([[ 0.43106542],
       [-0.47783686],
       [34.69623307]]), array([[ 1.45157577],
       [ 0.03512025],
       [33.67401968]]), array([[ 1.42173821],
       [-0.36333933],
       [34.04912016]]), array([[-1.85999569],
       [ 6.76324074],
       [28.5162294 ]]), array([[-1.00967986],
       [ 7.64265634],
       [32.03053555]]), array([[-4.21182645],
       [ 7.52947235],
       [33.08459987]]), array([[-4.33679177],
       [ 8.48288036],
       [33.86452681]]), array([[-3.23673496],
       [ 7.48725714],
       [33.30658073]]), array([[-3.36237425],
       [ 7.63378284],
       [32.49007784]]), array([[ 1.75753286],
       [ 0.62118512],
       [32.26463369]]), array([[ 1.32444811],
       [ 1.39182923],
       [35.28450749]]), array([[ 1.4972309 ],
       [ 1.51505001],
       [34.87500987]]), array([[ 1.22474773],
       [ 1.69379845],
       [35.1975126 ]]), array([[ 1.21895032],
       [ 1.74427739],
       [35.26391637]]), array([[ 1.42325174],
       [ 1.44281501],
       [34.92812182]]), array([[ 1.27877579],
       [ 1.39396691],
       [35.28927159]]), array([[ 1.7977078 ],
       [ 0.61535371],
       [32.15623336]]), array([[-3.44409911],
       [ 7.58553324],
       [32.52404022]]), array([[-3.26736806],
       [ 7.60388033],
       [32.3110972 ]]), array([[-3.60051474],
       [ 7.48935839],
       [32.61811363]]), array([[-3.65455852],
       [ 7.42140071],
       [32.62692854]]), array([[ 1.17973947],
       [ 1.63346374],
       [35.36216382]]), array([[ 1.29252922],
       [ 1.41479486],
       [35.05671018]]), array([[-3.87116154],
       [ 6.37303674],
       [32.42309507]]), array([[-3.95761457],
       [ 6.36099181],
       [32.25284818]]), array([[ 1.34536669],
       [ 1.39791447],
       [34.97609773]]), array([[ 1.22310366],
       [ 1.73681611],
       [35.31418097]]), array([[-3.70517444],
       [ 7.46624718],
       [32.58301261]]), array([[-3.52943976],
       [ 7.52764693],
       [32.57187674]]), array([[ 1.82223028],
       [ 0.64648082],
       [32.02815092]]), array([[-3.03464671],
       [ 7.55233218],
       [32.94671564]]), array([[ 1.68569512],
       [ 0.68700215],
       [32.62081181]]), array([[-3.72101323],
       [ 7.53302041],
       [32.59471321]]), array([[ 4.17471512],
       [-0.50981377],
       [32.63516171]]), array([[ 1.21491419],
       [ 1.42753629],
       [35.34204522]]), array([[ 1.47755938],
       [ 1.55649061],
       [34.68597651]]), array([[ 1.49751967],
       [ 1.58946641],
       [34.82470865]]), array([[ 1.24559103],
       [ 1.39677177],
       [35.31104853]]), array([[ 4.21786631],
       [-0.38406938],
       [32.56256973]]), array([[-3.72757301],
       [ 7.51335428],
       [32.58033883]]), array([[ 1.72299504],
       [ 0.67546139],
       [32.42554836]]), array([[-3.07331561],
       [ 7.4935238 ],
       [33.03491033]]), array([[-3.69621328],
       [ 7.52478562],
       [32.62468473]]), array([[ 1.65658601],
       [ 0.64842402],
       [32.83921444]]), array([[ 1.75297855],
       [ 0.79031923],
       [34.44862091]]), array([[ 1.5685579 ],
       [ 1.51000443],
       [34.46379479]]), array([[ 1.16854742],
       [ 1.46167919],
       [35.36241197]]), array([[ 1.16252406],
       [ 1.52616069],
       [35.35933199]]), array([[ 1.72198181],
       [ 1.36124769],
       [34.1994503 ]]), array([[ 1.76256366],
       [ 0.7721941 ],
       [34.36599611]]), array([[ 1.63660273],
       [ 0.57900071],
       [33.0183914 ]]), array([[-3.65430571],
       [ 7.49441623],
       [32.63207214]]))